1      32.04      -447.68       
2      32.00      -445.46       
3      31.95      -443.03       
4      31.91      -440.71       
5      31.87      -438.41       
6      31.82      -436.08       
7      31.78      -433.50       
8      31.73      -430.68       
9      31.67      -427.81       
10      31.62      -425.65       
11      31.57      -423.33       
12      31.52      -420.89       
13      31.46      -418.33       
14      31.40      -415.64       
15      31.34      -412.82       
16      31.28      -409.94       
17      31.22      -406.90       
18      31.15      -403.75       
19      31.08      -400.48       
20      31.00      -397.08       
21      30.92      -393.57       
22      30.84      -389.95       
23      30.75      -386.20       
24      30.66      -382.33       
25      30.57      -378.35       
26      30.49      -374.91       
27      30.44      -372.87       
28      30.39      -370.76       
29      30.34      -368.60       
30      30.29      -366.42       
31      30.23      -364.21       
32      30.18      -361.96       
33      30.13      -359.70       
34      30.07      -357.41       
35      30.02      -355.11       
36      29.96      -352.81       
37      29.91      -350.52       
38      29.85      -348.22       
39      29.78      -345.93       
40      29.67      -343.64       
41      29.52      -341.35       
42      29.34      -339.06       
43      29.12      -336.78       
44      28.83      -334.52       
45      28.46      -332.24       
46      28.04      -329.99       
47      27.56      -327.74       
48      27.01      -325.52       
49      26.41      -323.30       
50      25.74      -321.11       
51      25.02      -318.93       
52      24.23      -316.78       
53      23.39      -314.65       
54      22.48      -312.54       
55      21.52      -310.45       
56      20.51      -308.40       
57      19.43      -306.38       
58      18.28      -304.38       
59      17.10      -302.42       
60      15.86      -300.49       
61      14.56      -298.60       
62      13.22      -296.75       
63      11.82      -294.93       
64      10.36      -293.15       
65      8.87      -291.42       
66      7.32      -289.72       
67      5.73      -288.07       
68      4.08      -286.47       
69      2.38      -284.94       
70      0.60      -283.49       
71      -1.23      -282.11       
72      -3.12      -280.80       
73      -5.05      -279.57       
74      -7.04      -278.42       
75      -9.06      -277.35       
76      -11.13      -276.36       
77      -13.24      -275.47       
78      -15.39      -274.66       
79      -17.56      -273.94       
80      -19.77      -273.31       
81      -21.99      -272.76       
82      -24.24      -272.30       
83      -26.50      -271.93       
84      -28.78      -271.66       
85      -31.06      -271.48       
86      -33.35      -271.39       
87      -35.64      -271.38       
88      -37.93      -271.46       
89      -40.21      -271.61       
90      -42.49      -271.90       
91      -44.74      -272.29       
92      -46.99      -272.76       
93      -49.21      -273.31       
94      -51.41      -273.95       
95      -53.58      -274.67       
96      -55.72      -275.49       
97      -57.83      -276.41       
98      -59.90      -277.40       
99      -61.94      -278.44       
100      -63.96      -279.53       
101      -65.93      -280.68       
102      -67.89      -281.89       
103      -69.81      -283.15       
104      -71.69      -284.46       
105      -73.56      -285.80       
106      -75.41      -287.16       
107      -77.24      -288.55       
108      -79.04      -289.96       
109      -80.83      -291.40       
110      -82.59      -292.87       
111      -84.34      -294.35       
112      -86.07      -295.87       
113      -87.77      -297.40       
114      -89.45      -298.97       
115      -91.12      -300.56       
116      -92.75      -302.16       
117      -94.36      -303.79       
118      -95.96      -305.45       
119      -97.53      -307.12       
120      -99.12      -308.78       
121      -100.70      -310.44       
122      -102.28      -312.11       
123      -103.85      -313.76       
124      -105.43      -315.42       
125      -106.99      -317.09       
126      -108.56      -318.76       
127      -110.14      -320.42       
128      -111.71      -322.10       
129      -113.28      -323.77       
130      -114.85      -325.45       
131      -116.42      -327.12       
132      -117.99      -328.80       
133      -119.56      -330.47       
134      -121.13      -332.15       
135      -122.70      -333.83       
136      -124.27      -335.51       
137      -125.84      -337.18       
138      -127.41      -338.85       
139      -128.99      -340.50       
140      -130.58      -342.14       
141      -132.17      -343.74       
142      -133.78      -345.35       
143      -135.41      -346.93       
144      -137.04      -348.48       
145      -138.71      -350.05       
146      -140.40      -351.58       
147      -142.09      -353.10       
148      -143.82      -354.60       
149      -145.58      -356.07       
150      -147.35      -357.53       
151      -149.15      -358.96       
152      -150.96      -360.36       
153      -152.79      -361.74       
154      -154.64      -363.09       
155      -156.52      -364.42       
156      -158.41      -365.73       
157      -160.31      -367.01       
158      -162.23      -368.26       
159      -164.17      -369.49       
160      -166.13      -370.68       
161      -168.10      -371.85       
162      -170.09      -373.00       
163      -172.09      -374.12       
164      -174.11      -375.21       
165      -176.15      -376.27       
166      -178.19      -377.31       
167      -180.26      -378.31       
168      -182.35      -379.26       
169      -184.46      -380.14       
170      -186.60      -380.97       
171      -188.76      -381.74       
172      -190.96      -382.46       
173      -193.14      -383.10       
174      -195.35      -383.70       
175      -197.58      -384.23       
176      -199.83      -384.70       
177      -202.08      -385.11       
178      -204.35      -385.47       
179      -206.62      -385.76       
180      -208.90      -385.99       
181      -211.19      -386.15       
182      -213.48      -386.25       
183      -215.77      -386.29       
184      -218.07      -386.27       
185      -220.36      -386.19       
186      -222.65      -386.04       
187      -224.93      -385.83       
188      -227.21      -385.56       
189      -229.48      -385.23       
190      -231.74      -384.84       
191      -233.99      -384.39       
192      -236.22      -383.87       
193      -238.44      -383.30       
194      -240.65      -382.67       
195      -242.83      -381.97       
196      -245.00      -381.22       
197      -247.14      -380.40       
198      -249.26      -379.53       
199      -251.36      -378.61       
200      -253.43      -377.63       
201      -255.46      -376.60       
202      -257.49      -375.49       
203      -259.47      -374.34       
204      -261.42      -373.13       
205      -263.34      -371.87       
206      -265.22      -370.56       
207      -267.07      -369.21       
208      -268.88      -367.80       
209      -270.65      -366.34       
210      -272.39      -364.87       
211      -274.10      -363.37       
212      -275.79      -361.86       
213      -277.48      -360.37       
214      -278.99      -358.72       
215      -280.44      -357.01       
216      -281.85      -355.26       
217      -283.23      -353.47       
218      -284.56      -351.63       
219      -285.87      -349.76       
220      -287.14      -347.85       
221      -288.35      -345.91       
222      -289.51      -343.93       
223      -290.61      -341.92       
224      -291.67      -339.88       
225      -292.66      -337.81       
226      -293.61      -335.72       
227      -294.50      -333.61       
228      -295.32      -331.48       
229      -296.08      -329.32       
230      -296.79      -327.14       
231      -297.45      -324.94       
232      -298.04      -322.73       
233      -298.57      -320.50       
234      -299.04      -318.26       
235      -299.45      -316.01       
236      -299.80      -313.75       
237      -300.09      -311.48       
238      -300.31      -309.20       
239      -300.46      -306.92       
240      -300.56      -304.63       
241      -300.59      -302.34       
242      -300.57      -300.05       
243      -300.47      -297.76       
244      -300.31      -295.48       
245      -300.10      -293.20       
246      -299.82      -290.93       
247      -299.48      -288.66       
248      -299.09      -286.40       
249      -298.64      -284.16       
250      -298.13      -281.93       
251      -297.55      -279.71       
252      -296.92      -277.51       
253      -296.23      -275.33       
254      -295.49      -273.16       
255      -294.69      -271.01       
256      -293.83      -268.89       
257      -292.91      -266.78       
258      -291.96      -264.71       
259      -290.93      -262.65       
260      -289.86      -260.63       
261      -288.73      -258.63       
262      -287.56      -256.67       
263      -286.34      -254.73       
264      -285.07      -252.83       
265      -283.76      -250.96       
266      -282.39      -249.13       
267      -280.98      -247.33       
268      -279.51      -245.57       
269      -278.00      -243.84       
270      -276.46      -242.16       
271      -274.86      -240.52       
272      -273.22      -238.92       
273      -271.56      -237.38       
274      -269.83      -235.88       
275      -268.07      -234.43       
276      -266.26      -233.03       
277      -264.42      -231.67       
278      -262.54      -230.36       
279      -260.63      -229.10       
280      -258.68      -227.90       
281      -256.70      -226.74       
282      -254.69      -225.64       
283      -252.66      -224.60       
284      -250.60      -223.61       
285      -248.52      -222.68       
286      -246.41      -221.80       
287      -244.27      -220.98       
288      -242.11      -220.22       
289      -239.93      -219.51       
290      -237.74      -218.86       
291      -235.52      -218.28       
292      -233.30      -217.75       
293      -231.06      -217.28       
294      -228.81      -216.88       
295      -226.55      -216.54       
296      -224.28      -216.26       
297      -222.00      -216.04       
298      -219.71      -215.88       
299      -217.42      -215.79       
300      -215.13      -215.76       
301      -212.84      -215.76       
302      -210.55      -215.79       
303      -208.26      -215.86       
304      -205.96      -215.92       
305      -203.67      -215.98       
306      -201.38      -216.04       
307      -199.08      -216.10       
308      -196.79      -216.16       
309      -194.50      -216.22       
310      -192.20      -216.28       
311      -189.91      -216.34       
312      -187.61      -216.40       
313      -185.32      -216.46       
314      -183.03      -216.52       
315      -180.74      -216.58       
316      -178.44      -216.64       
317      -176.14      -216.69       
318      -173.85      -216.75       
319      -171.55      -216.80       
320      -169.26      -216.85       
321      -166.97      -216.91       
322      -164.67      -216.96       
323      -162.38      -217.01       
324      -160.08      -217.06       
325      -157.79      -217.12       
326      -155.50      -217.17       
327      -153.20      -217.20       
328      -150.91      -217.20       
329      -148.60      -217.17       
330      -146.33      -217.11       
331      -144.04      -216.99       
332      -141.76      -216.82       
333      -139.48      -216.59       
334      -137.21      -216.29       
335      -134.95      -215.91       
336      -132.71      -215.46       
337      -130.48      -214.91       
338      -128.29      -214.29       
339      -126.12      -213.57       
340      -123.99      -212.73       
341      -121.89      -211.83       
342      -119.83      -210.85       
343      -117.79      -209.81       
344      -115.80      -208.71       
345      -113.84      -207.54       
346      -111.94      -206.30       
347      -110.06      -205.02       
348      -108.23      -203.67       
349      -106.44      -202.29       
350      -104.71      -200.85       
351      -103.03      -199.33       
352      -101.41      -197.74       
353      -99.82      -196.12       
354      -98.29      -194.44       
355      -96.81      -192.72       
356      -95.40      -190.95       
357      -94.06      -189.14       
358      -92.81      -187.29       
359      -91.59      -185.38       
360      -90.45      -183.45       
361      -89.37      -181.48       
362      -88.35      -179.47       
363      -87.39      -177.40       
364      -86.48      -175.30       
365      -85.63      -173.18       
366      -84.84      -171.03       
367      -84.11      -168.86       
368      -83.43      -166.67       
369      -82.81      -164.47       
370      -82.23      -162.25       
371      -81.80      -160.05       
372      -81.29      -157.86       
373      -80.75      -155.65       
374      -80.25      -153.42       
375      -79.81      -151.18       
376      -79.44      -148.93       
377      -79.12      -146.69       
378      -78.85      -144.43       
379      -78.64      -142.16       
380      -78.49      -139.89       
381      -78.41      -137.60       
382      -78.38      -135.31       
383      -78.43      -133.02       
384      -78.54      -130.73       
385      -78.71      -128.44       
386      -78.95      -126.17       
387      -79.23      -123.90       
388      -79.54      -121.64       
389      -79.87      -119.38       
390      -80.24      -117.12       
391      -80.63      -114.86       
392      -81.06      -112.61       
393      -81.53      -110.37       
394      -82.03      -108.13       
395      -82.55      -105.91       
396      -83.10      -103.69       
397      -83.69      -101.48       
398      -84.31      -99.27       
399      -84.95      -97.07       
400      -85.59      -94.87       
401      -86.23      -92.67       
402      -86.87      -90.47       
403      -87.51      -88.27       
404      -88.15      -86.06       
405      -88.80      -83.86       
406      -89.44      -81.66       
407      -90.08      -79.45       
408      -90.72      -77.25       
409      -91.36      -75.05       
410      -92.00      -72.85       
411      -92.64      -70.65       
412      -93.28      -68.44       
413      -93.93      -66.24       
414      -94.57      -64.04       
415      -95.21      -61.84       
416      -95.86      -59.63       
417      -96.50      -57.42       
418      -97.14      -55.22       
419      -97.78      -53.02       
420      -98.44      -50.82       
421      -99.07      -48.62       
422      -99.68      -46.42       
423      -100.26      -44.21       
424      -100.81      -41.99       
425      -101.30      -39.75       
426      -101.76      -37.51       
427      -102.19      -35.26       
428      -102.59      -33.02       
429      -102.98      -30.76       
430      -103.34      -28.52       
431      -103.68      -26.27       
432      -104.00      -24.02       
433      -104.26      -21.76       
434      -104.49      -19.50       
435      -104.70      -17.25       
436      -104.89      -15.00       
437      -105.04      -12.73       
438      -105.13      -10.44       
439      -105.19      -8.15       
440      -105.23      -5.87       
441      -105.27      -3.59       
442      -105.26      -1.32       
443      -105.22      0.95       
444      -105.16      3.21       
445      -105.08      5.47       
446      -104.99      7.72       
447      -104.86      9.98       
448      -104.71      12.24       
449      -104.51      14.51       
450      -104.28      16.79       
451      -104.02      19.06       
452      -103.75      21.34       
453      -103.42      23.59       
454      -103.07      25.84       
455      -102.70      28.10       
456      -102.29      30.35       
457      -101.86      32.59       
458      -101.40      34.84       
459      -100.91      37.06       
460      -100.39      39.29       
461      -99.83      41.51       
462      -99.25      43.72       
463      -98.67      45.91       
464      -98.06      48.06       
465      -97.43      50.21       
466      -96.76      52.36       
467      -96.10      54.49       
468      -95.36      56.60       
469      -94.59      58.70       
470      -93.80      60.81       
471      -92.96      62.91       
472      -92.10      65.02       
473      -91.20      67.13       
474      -90.27      69.22       
475      -89.31      71.30       
476      -88.32      73.37       
477      -87.30      75.42       
478      -86.25      77.46       
479      -85.18      79.48       
480      -84.08      81.49       
481      -82.95      83.49       
482      -81.79      85.47       
483      -80.61      87.43       
484      -79.40      89.38       
485      -78.16      91.31       
486      -76.89      93.24       
487      -75.61      95.12       
488      -74.30      97.00       
489      -72.96      98.86       
490      -71.60      100.71       
491      -70.22      102.53       
492      -68.81      104.34       
493      -67.38      106.13       
494      -65.93      107.88       
495      -64.43      109.58       
496      -62.89      111.24       
497      -61.32      112.87       
498      -59.75      114.47       
499      -58.19      116.09       
500      -56.54      117.59       
501      -54.86      119.04       
502      -53.14      120.44       
503      -51.35      121.78       
504      -49.52      123.07       
505      -47.65      124.31       
506      -45.76      125.49       
507      -43.83      126.59       
508      -41.85      127.62       
509      -39.82      128.58       
510      -37.74      129.48       
511      -35.63      130.31       
512      -33.49      131.07       
513      -31.32      131.76       
514      -29.12      132.39       
515      -26.93      132.92       
516      -24.68      133.35       
517      -22.44      133.72       
518      -20.19      134.05       
519      -17.94      134.27       
520      -15.68      134.43       
521      -13.42      134.54       
522      -11.17      134.55       
523      -8.92      134.50       
524      -6.68      134.36       
525      -4.44      134.16       
526      -2.20      133.86       
527      0.03      133.46       
528      2.26      133.00       
529      4.45      132.41       
530      6.63      131.77       
531      8.78      131.01       
532      10.91      130.18       
533      13.02      129.28       
534      15.08      128.31       
535      17.11      127.26       
536      19.10      126.14       
537      21.06      124.95       
538      22.96      123.68       
539      24.83      122.35       
540      26.64      120.97       
541      28.40      119.54       
542      30.10      118.01       
543      31.74      116.41       
544      33.32      114.76       
545      34.86      113.07       
546      36.35      111.35       
547      37.79      109.58       
548      39.20      107.76       
549      40.55      105.91       
550      41.86      104.03       
551      43.14      102.14       
552      44.40      100.24       
553      45.64      98.31       
554      46.85      96.37       
555      48.04      94.41       
556      49.20      92.45       
557      50.34      90.47       
558      51.45      88.47       
559      52.53      86.45       
560      53.59      84.41       
561      54.62      82.37       
562      55.62      80.30       
563      56.59      78.23       
564      57.54      76.14       
565      58.45      74.04       
566      59.33      71.92       
567      60.18      69.80       
568      61.00      67.66       
569      61.79      65.51       
570      62.56      63.35       
571      63.29      61.17       
572      63.99      59.00       
573      64.67      56.80       
574      65.32      54.61       
575      65.93      52.40       
576      66.52      50.18       
577      67.08      47.96       
578      67.61      45.73       
579      68.11      43.50       
580      68.58      41.26       
581      69.02      39.01       
582      69.44      36.76       
583      69.83      34.51       
584      70.20      32.25       
585      70.54      29.99       
586      70.84      27.72       
587      71.11      25.46       
588      71.35      23.19       
589      71.57      20.91       
590      71.75      18.63       
591      71.89      16.34       
592      72.02      14.05       
593      72.08      11.77       
594      72.07      9.53       
595      72.15      7.30       
596      72.22      5.05       
597      72.26      2.79       
598      72.27      0.53       
599      72.26      -1.74       
600      72.23      -4.01       
601      72.20      -6.27       
602      72.10      -8.53       
603      71.96      -10.80       
604      71.81      -13.08       
605      71.68      -15.36       
606      71.55      -17.65       
607      71.42      -19.94       
608      71.29      -22.23       
609      71.20      -24.51       
610      71.15      -26.80       
611      71.13      -29.08       
612      71.14      -31.37       
613      71.18      -33.65       
614      71.25      -35.93       
615      71.36      -38.22       
616      71.50      -40.50       
617      71.68      -42.79       
618      71.88      -45.07       
619      72.12      -47.34       
620      72.39      -49.62       
621      72.69      -51.90       
622      73.03      -54.17       
623      73.39      -56.43       
624      73.79      -58.69       
625      74.21      -60.94       
626      74.67      -63.18       
627      75.17      -65.42       
628      75.69      -67.64       
629      76.24      -69.86       
630      76.82      -72.08       
631      77.44      -74.29       
632      78.08      -76.49       
633      78.76      -78.68       
634      79.47      -80.86       
635      80.21      -83.03       
636      80.98      -85.20       
637      81.77      -87.35       
638      82.60      -89.48       
639      83.45      -91.61       
640      84.34      -93.72       
641      85.26      -95.82       
642      86.21      -97.90       
643      87.19      -99.99       
644      88.19      -102.04       
645      89.21      -104.09       
646      90.27      -106.12       
647      91.37      -108.13       
648      92.49      -110.14       
649      93.64      -112.12       
650      94.81      -114.09       
651      96.01      -116.05       
652      97.25      -117.98       
653      98.51      -119.90       
654      99.78      -121.80       
655      101.09      -123.68       
656      102.42      -125.55       
657      103.77      -127.40       
658      105.14      -129.23       
659      106.56      -131.01       
660      108.03      -132.76       
661      109.54      -134.48       
662      111.10      -136.15       
663      112.72      -137.78       
664      114.38      -139.37       
665      116.07      -140.91       
666      117.81      -142.41       
667      119.58      -143.86       
668      121.39      -145.26       
669      123.23      -146.62       
670      125.11      -147.92       
671      127.04      -149.12       
672      128.95      -150.33       
673      130.91      -151.54       
674      132.88      -152.70       
675      134.87      -153.82       
676      136.87      -154.92       
677      138.89      -155.99       
678      140.93      -157.03       
679      142.98      -158.04       
680      145.05      -159.03       
681      147.13      -159.98       
682      149.22      -160.90       
683      151.33      -161.80       
684      153.44      -162.66       
685      155.58      -163.50       
686      157.72      -164.30       
687      159.88      -165.08       
688      162.04      -165.83       
689      164.22      -166.54       
690      166.41      -167.23       
691      168.61      -167.88       
692      170.82      -168.51       
693      173.04      -169.10       
694      175.26      -169.67       
695      177.49      -170.20       
696      179.73      -170.70       
697      181.97      -171.17       
698      184.22      -171.60       
699      186.48      -172.01       
700      188.75      -172.38       
701      191.02      -172.72       
702      193.29      -173.03       
703      195.57      -173.31       
704      197.85      -173.56       
705      200.13      -173.77       
706      202.42      -173.95       
707      204.71      -174.11       
708      207.00      -174.23       
709      209.29      -174.31       
710      211.59      -174.37       
711      213.88      -174.39       
712      216.18      -174.38       
713      218.47      -174.34       
714      220.77      -174.27       
715      223.06      -174.16       
716      225.35      -174.03       
717      227.64      -173.86       
718      229.93      -173.66       
719      232.21      -173.43       
720      234.49      -173.16       
721      236.77      -172.89       
722      239.05      -172.62       
723      241.33      -172.34       
724      243.61      -172.07       
725      245.89      -171.79       
726      248.17      -171.51       
727      250.45      -171.27       
728      252.74      -171.05       
729      255.01      -170.87       
730      257.32      -170.72       
731      259.61      -170.60       
732      261.90      -170.53       
733      264.19      -170.52       
734      266.47      -170.56       
735      268.76      -170.67       
736      271.04      -170.84       
737      273.33      -171.07       
738      275.60      -171.37       
739      277.87      -171.72       
740      280.14      -172.10       
741      282.40      -172.51       
742      284.65      -172.95       
743      286.90      -173.43       
744      289.13      -173.93       
745      291.36      -174.46       
746      293.58      -175.04       
747      295.78      -175.67       
748      297.96      -176.38       
749      300.13      -177.14       
750      302.27      -177.96       
751      304.39      -178.84       
752      306.48      -179.78       
753      308.54      -180.78       
754      310.58      -181.83       
755      312.59      -182.94       
756      314.56      -184.10       
757      316.50      -185.33       
758      318.41      -186.60       
759      320.28      -187.93       
760      322.12      -189.30       
761      323.91      -190.73       
762      325.67      -192.20       
763      327.38      -193.73       
764      329.06      -195.29       
765      330.69      -196.91       
766      332.27      -198.56       
767      333.81      -200.26       
768      335.30      -202.00       
769      336.75      -203.78       
770      338.14      -205.60       
771      339.49      -207.46       
772      340.78      -209.36       
773      342.02      -211.29       
774      343.21      -213.25       
775      344.34      -215.24       
776      345.43      -217.26       
777      346.45      -219.31       
778      347.42      -221.39       
779      348.33      -223.50       
780      349.18      -225.63       
781      349.98      -227.78       
782      350.71      -229.95       
783      351.39      -232.14       
784      352.00      -234.36       
785      352.55      -236.58       
786      353.05      -238.82       
787      353.48      -241.07       
788      353.85      -243.34       
789      354.15      -245.61       
790      354.40      -247.89       
791      354.58      -250.18       
792      354.70      -252.47       
793      354.76      -254.76       
794      354.76      -257.05       
795      354.69      -259.35       
796      354.56      -261.64       
797      354.37      -263.92       
798      354.12      -266.20       
799      353.80      -268.47       
800      353.43      -270.75       
801      353.00      -272.99       
802      352.50      -275.22       
803      351.94      -277.45       
804      351.32      -279.66       
805      350.64      -281.85       
806      349.91      -284.02       
807      349.13      -286.17       
808      348.28      -288.30       
809      347.37      -290.41       
810      346.40      -292.49       
811      345.38      -294.54       
812      344.30      -296.57       
813      343.17      -298.56       
814      341.98      -300.53       
815      340.74      -302.45       
816      339.45      -304.35       
817      338.11      -306.21       
818      336.72      -308.03       
819      335.27      -309.81       
820      333.78      -311.56       
821      332.26      -313.27       
822      330.70      -314.93       
823      329.09      -316.57       
824      327.45      -318.17       
825      325.75      -319.70       
826      323.99      -321.17       
827      322.19      -322.58       
828      320.35      -323.95       
829      318.50      -325.26       
830      316.58      -326.55       
831      314.64      -327.77       
832      312.66      -328.94       
833      310.66      -330.05       
834      308.63      -331.11       
835      306.57      -332.12       
836      304.48      -333.08       
837      302.38      -333.98       
838      300.25      -334.82       
839      298.10      -335.60       
840      295.93      -336.32       
841      293.74      -336.99       
842      291.52      -337.60       
843      289.30      -338.15       
844      287.06      -338.65       
845      284.81      -339.10       
846      282.56      -339.53       
847      280.30      -339.92       
848      278.03      -340.29       
849      275.76      -340.62       
850      273.49      -340.92       
851      271.21      -341.20       
852      268.93      -341.44       
853      266.65      -341.65       
854      264.36      -341.83       
855      262.07      -341.97       
856      259.78      -342.09       
857      257.46      -342.17       
858      255.19      -342.22       
859      252.90      -342.24       
860      250.61      -342.23       
861      248.32      -342.18       
862      246.03      -342.11       
863      243.73      -342.00       
864      241.44      -341.86       
865      239.16      -341.70       
866      236.87      -341.50       
867      234.59      -341.27       
868      232.31      -341.01       
869      230.03      -340.72       
870      227.76      -340.40       
871      225.49      -340.04       
872      223.23      -339.66       
873      220.97      -339.24       
874      218.72      -338.79       
875      216.48      -338.32       
876      214.24      -337.81       
877      212.01      -337.27       
878      209.79      -336.70       
879      207.57      -336.10       
880      205.37      -335.47       
881      203.17      -334.81       
882      200.98      -334.13       
883      198.81      -333.42       
884      196.64      -332.68       
885      194.47      -331.93       
886      192.33      -331.16       
887      190.18      -330.35       
888      188.05      -329.53       
889      185.93      -328.68       
890      183.81      -327.80       
891      181.71      -326.90       
892      179.63      -325.96       
893      177.55      -324.98       
894      175.48      -323.98       
895      173.43      -322.95       
896      171.40      -321.89       
897      169.38      -320.81       
898      167.37      -319.69       
899      165.38      -318.55       
900      163.40      -317.37       
901      161.45      -316.18       
902      159.51      -314.95       
903      157.58      -313.71       
904      155.68      -312.43       
905      153.79      -311.12       
906      151.92      -309.79       
907      150.07      -308.44       
908      148.23      -307.06       
909      146.42      -305.65       
910      144.63      -304.22       
911      142.85      -302.76       
912      141.10      -301.28       
913      139.36      -299.77       
914      137.65      -298.24       
915      135.96      -296.69       
916      134.30      -295.12       
917      132.65      -293.52       
918      131.03      -291.90       
919      129.42      -290.25       
920      127.84      -288.59       
921      126.29      -286.90       
922      124.76      -285.19       
923      123.25      -283.46       
924      121.76      -281.71       
925      120.28      -279.96       
926      118.80      -278.20       
927      117.32      -276.45       
928      115.84      -274.69       
929      114.34      -272.96       
930      112.81      -271.24       
931      111.26      -269.55       
932      109.69      -267.88       
933      108.10      -266.23       
934      106.48      -264.60       
935      104.84      -262.99       
936      103.18      -261.41       
937      101.49      -259.85       
938      99.79      -258.31       
939      98.06      -256.80       
940      96.32      -255.31       
941      94.55      -253.85       
942      92.76      -252.41       
943      90.96      -251.00       
944      89.13      -249.59       
945      87.29      -248.22       
946      85.43      -246.89       
947      83.56      -245.56       
948      81.69      -244.23       
949      79.82      -242.90       
950      77.95      -241.57       
951      76.08      -240.24       
952      74.20      -238.91       
953      72.33      -237.58       
954      70.46      -236.25       
955      68.58      -234.92       
956      66.71      -233.59       
957      64.83      -232.25       
958      62.97      -230.93       
959      61.09      -229.60       
960      59.22      -228.27       
961      57.35      -226.94       
962      55.47      -225.61       
963      53.60      -224.29       
964      51.72      -222.95       
965      49.85      -221.63       
966      47.97      -220.30       
967      46.10      -218.98       
968      44.22      -217.65       
969      42.35      -216.33       
970      40.49      -215.01       
971      38.60      -213.70       
972      36.72      -212.39       
973      34.84      -211.08       
974      32.96      -209.76       
975      31.08      -208.44       
976      29.20      -207.13       
977      27.32      -205.81       
978      25.43      -204.49       
979      23.55      -203.18       
980      21.69      -201.86       
981      19.81      -200.55       
982      17.93      -199.25       
983      16.04      -197.95       
984      14.16      -196.64       
985      12.28      -195.33       
986      10.41      -194.04       
987      8.51      -192.72       
988      6.62      -191.41       
989      4.75      -190.11       
990      2.89      -188.81       
991      1.03      -187.52       
992      -0.85      -186.22       
993      -2.73      -184.92       
994      -4.62      -183.62       
995      -6.51      -182.32       
996      -8.40      -181.01       
997      -10.30      -179.71       
998      -12.18      -178.41       
999      -14.08      -177.12       
1000      -15.97      -175.81       
